0.000 0.000 7.487 0.618 0.229 0.075 0.079 0.012 0.004 0.036 0.011 0.000
0.000 1.000 7.774 0.683 0.189 0.061 0.067 0.017 0.007 0.049 0.015 0.000
0.000 2.000 7.848 0.639 0.221 0.080 0.060 0.009 0.003 0.028 0.010 0.000
0.000 3.000 8.306 0.580 0.253 0.086 0.081 0.011 0.003 0.035 0.011 0.000
0.000 4.000 8.475 0.554 0.269 0.092 0.085 0.013 0.003 0.039 0.013 0.000
1.000 0.000 7.425 0.658 0.208 0.075 0.059 0.014 0.007 0.045 0.016 0.000
1.000 1.000 7.663 0.621 0.227 0.075 0.076 0.014 0.005 0.043 0.014 0.000
1.000 2.000 7.819 0.656 0.208 0.073 0.062 0.010 0.004 0.029 0.010 0.000
1.000 3.000 8.360 0.619 0.231 0.080 0.071 0.010 0.003 0.028 0.009 0.000
1.000 4.000 8.396 0.618 0.232 0.082 0.068 0.010 0.003 0.029 0.009 0.000
2.000 0.000 7.293 0.705 0.179 0.064 0.052 0.018 0.010 0.059 0.020 0.000
2.000 1.000 7.676 0.650 0.213 0.075 0.062 0.010 0.004 0.029 0.010 0.000
2.000 2.000 7.797 0.638 0.221 0.080 0.061 0.010 0.004 0.030 0.010 0.000
2.000 3.000 8.183 0.598 0.241 0.079 0.083 0.011 0.003 0.029 0.009 0.000
2.000 4.000 8.285 0.588 0.248 0.085 0.078 0.011 0.003 0.034 0.011 0.000
3.000 0.000 7.101 0.675 0.198 0.070 0.058 0.018 0.009 0.057 0.020 0.000
3.000 1.000 7.493 0.668 0.200 0.068 0.064 0.010 0.004 0.025 0.008 0.000
3.000 2.000 7.756 0.671 0.201 0.073 0.055 0.008 0.003 0.021 0.007 0.000
3.000 3.000 8.120 0.615 0.235 0.085 0.066 0.010 0.003 0.033 0.011 0.000
3.000 4.000 8.233 0.623 0.229 0.081 0.067 0.012 0.003 0.035 0.011 0.000
4.000 0.000 6.932 0.663 0.201 0.065 0.071 0.012 0.005 0.034 0.010 0.000
4.000 1.000 7.458 0.701 0.183 0.067 0.049 0.007 0.002 0.014 0.005 0.000
4.000 2.000 7.542 0.650 0.212 0.075 0.063 0.008 0.003 0.022 0.007 0.000
4.000 3.000 7.901 0.673 0.198 0.070 0.059 0.006 0.002 0.017 0.005 0.000
4.000 4.000 8.106 0.656 0.211 0.078 0.055 0.009 0.003 0.027 0.009 0.000
5.000 0.000 6.568 0.698 0.185 0.067 0.050 0.008 0.003 0.017 0.006 0.000
5.000 1.000 6.933 0.703 0.179 0.061 0.058 0.005 0.003 0.018 0.004 0.000
5.000 2.000 7.216 0.713 0.176 0.064 0.047 0.005 0.002 0.011 0.004 0.000
5.000 3.000 7.492 0.681 0.191 0.063 0.065 0.008 0.003 0.018 0.005 0.000
5.000 4.000 7.692 0.710 0.177 0.063 0.050 0.008 0.003 0.019 0.006 0.000
6.000 0.000 5.938 0.777 0.138 0.053 0.032 0.005 0.003 0.009 0.002 0.000
6.000 1.000 6.166 0.734 0.161 0.056 0.049 0.005 0.003 0.010 0.003 0.000
6.000 2.000 6.524 0.725 0.167 0.058 0.050 0.005 0.003 0.014 0.004 0.000
6.000 3.000 6.937 0.715 0.172 0.058 0.055 0.006 0.003 0.017 0.004 0.000
6.000 4.000 7.340 0.719 0.172 0.064 0.045 0.006 0.003 0.013 0.004 0.000
7.000 0.000 4.997 0.813 0.115 0.043 0.029 0.005 0.006 0.009 0.003 0.000
7.000 1.000 5.477 0.782 0.134 0.050 0.035 0.004 0.004 0.009 0.002 0.000
7.000 2.000 5.887 0.786 0.131 0.049 0.034 0.004 0.004 0.010 0.003 0.000
7.000 3.000 6.446 0.714 0.172 0.059 0.054 0.005 0.002 0.007 0.002 0.000
7.000 4.000 6.797 0.762 0.148 0.058 0.031 0.005 0.003 0.011 0.004 0.000
8.000 0.000 3.855 0.856 0.088 0.031 0.025 0.003 0.008 0.005 0.001 0.000
8.000 1.000 4.457 0.840 0.099 0.038 0.023 0.003 0.005 0.005 0.002 0.000
8.000 2.000 4.827 0.814 0.112 0.038 0.036 0.004 0.005 0.007 0.002 0.000
8.000 3.000 5.440 0.780 0.131 0.042 0.046 0.004 0.004 0.008 0.002 0.000
8.000 4.000 5.917 0.790 0.129 0.047 0.034 0.004 0.004 0.010 0.003 0.000
9.000 0.000 3.075 0.888 0.068 0.023 0.022 0.002 0.010 0.004 0.001 0.000
9.000 1.000 3.497 0.867 0.080 0.028 0.025 0.002 0.007 0.005 0.001 0.000
9.000 2.000 3.998 0.858 0.087 0.031 0.025 0.003 0.007 0.006 0.002 0.000
9.000 3.000 4.455 0.840 0.098 0.037 0.025 0.003 0.005 0.006 0.002 0.000
9.000 4.000 4.959 0.833 0.102 0.038 0.027 0.004 0.004 0.006 0.002 0.000
10.000 0.000 3.000 0.855 0.087 0.030 0.027 0.002 0.035 0.005 0.002 0.000
10.000 1.000 2.885 0.871 0.080 0.031 0.018 0.001 0.021 0.003 0.001 0.000
10.000 2.000 3.677 0.836 0.099 0.035 0.030 0.004 0.029 0.010 0.003 0.000
10.000 3.000 3.582 0.857 0.087 0.032 0.024 0.002 0.015 0.005 0.001 0.000
10.000 4.000 3.950 0.859 0.086 0.031 0.024 0.002 0.012 0.005 0.002 0.000
