0.000 0.000 5.721 0.798 0.124 0.047 0.031 0.006 0.004 0.009 0.003 0.000
0.000 1.000 5.858 0.767 0.143 0.052 0.038 0.005 0.003 0.009 0.003 0.000
0.000 2.000 5.932 0.783 0.133 0.049 0.035 0.005 0.003 0.009 0.003 0.000
0.000 3.000 6.144 0.780 0.136 0.052 0.033 0.005 0.003 0.008 0.003 0.000
0.000 4.000 6.119 0.781 0.134 0.049 0.036 0.005 0.003 0.011 0.003 0.000
1.000 0.000 5.791 0.782 0.132 0.046 0.040 0.006 0.004 0.010 0.003 0.000
1.000 1.000 5.947 0.778 0.134 0.046 0.041 0.005 0.003 0.009 0.003 0.000
1.000 2.000 5.946 0.782 0.135 0.052 0.031 0.006 0.004 0.011 0.004 0.000
1.000 3.000 6.129 0.764 0.145 0.055 0.035 0.006 0.003 0.010 0.003 0.000
1.000 4.000 6.144 0.772 0.141 0.054 0.033 0.006 0.004 0.013 0.003 0.000
2.000 0.000 5.801 0.807 0.119 0.045 0.029 0.006 0.004 0.010 0.003 0.000
2.000 1.000 5.973 0.780 0.136 0.051 0.033 0.005 0.003 0.009 0.003 0.000
2.000 2.000 5.951 0.773 0.140 0.052 0.036 0.006 0.004 0.010 0.003 0.000
2.000 3.000 6.167 0.789 0.130 0.049 0.031 0.005 0.003 0.009 0.002 0.000
2.000 4.000 6.237 0.776 0.139 0.053 0.032 0.005 0.003 0.012 0.003 0.000
3.000 0.000 5.713 0.807 0.121 0.048 0.024 0.006 0.004 0.010 0.003 0.000
3.000 1.000 5.878 0.777 0.135 0.046 0.043 0.005 0.003 0.008 0.002 0.000
3.000 2.000 5.911 0.795 0.127 0.049 0.028 0.005 0.003 0.009 0.003 0.000
3.000 3.000 6.187 0.784 0.134 0.052 0.030 0.005 0.003 0.010 0.003 0.000
3.000 4.000 6.179 0.775 0.141 0.056 0.028 0.006 0.003 0.010 0.003 0.000
4.000 0.000 5.603 0.794 0.125 0.045 0.035 0.006 0.004 0.010 0.003 0.000
4.000 1.000 5.841 0.780 0.134 0.048 0.038 0.005 0.003 0.008 0.002 0.000
4.000 2.000 5.835 0.782 0.132 0.046 0.041 0.005 0.003 0.009 0.003 0.000
4.000 3.000 5.993 0.781 0.133 0.048 0.038 0.005 0.003 0.009 0.003 0.000
4.000 4.000 6.125 0.814 0.123 0.059 0.028 0.006 0.004 0.014 0.004 0.000
5.000 0.000 5.301 0.807 0.118 0.043 0.032 0.005 0.003 0.007 0.002 0.000
5.000 1.000 5.601 0.798 0.126 0.049 0.027 0.005 0.004 0.009 0.003 0.000
5.000 2.000 5.624 0.787 0.129 0.044 0.040 0.004 0.003 0.010 0.002 0.000
5.000 3.000 5.867 0.775 0.138 0.051 0.036 0.005 0.003 0.008 0.002 0.000
5.000 4.000 5.842 0.773 0.140 0.054 0.033 0.006 0.003 0.008 0.003 0.000
6.000 0.000 4.914 0.833 0.103 0.038 0.026 0.004 0.004 0.007 0.002 0.000
6.000 1.000 5.157 0.824 0.109 0.041 0.026 0.003 0.003 0.007 0.002 0.000
6.000 2.000 5.304 0.822 0.110 0.042 0.027 0.004 0.004 0.007 0.002 0.000
6.000 3.000 5.542 0.791 0.128 0.048 0.032 0.005 0.004 0.009 0.003 0.000
6.000 4.000 5.657 0.801 0.124 0.050 0.024 0.006 0.004 0.010 0.003 0.000
7.000 0.000 4.306 0.858 0.088 0.034 0.020 0.003 0.004 0.006 0.001 0.000
7.000 1.000 4.664 0.826 0.107 0.039 0.029 0.003 0.004 0.006 0.002 0.000
7.000 2.000 4.855 0.829 0.105 0.038 0.028 0.003 0.003 0.005 0.002 0.000
7.000 3.000 5.105 0.812 0.116 0.044 0.028 0.004 0.004 0.008 0.002 0.000
7.000 4.000 5.291 0.823 0.110 0.044 0.022 0.005 0.005 0.011 0.003 0.000
8.000 0.000 3.740 0.879 0.074 0.027 0.019 0.003 0.006 0.005 0.001 0.000
8.000 1.000 4.082 0.851 0.091 0.034 0.024 0.003 0.005 0.005 0.001 0.000
8.000 2.000 4.345 0.837 0.099 0.036 0.027 0.003 0.005 0.006 0.001 0.000
8.000 3.000 4.603 0.842 0.098 0.038 0.022 0.003 0.004 0.006 0.002 0.000
8.000 4.000 4.710 0.826 0.107 0.040 0.027 0.003 0.004 0.007 0.002 0.000
9.000 0.000 3.117 0.880 0.074 0.028 0.018 0.002 0.008 0.004 0.001 0.000
9.000 1.000 3.608 0.866 0.082 0.030 0.022 0.004 0.010 0.006 0.002 0.000
9.000 2.000 3.812 0.846 0.092 0.031 0.030 0.003 0.008 0.006 0.002 0.000
9.000 3.000 4.061 0.851 0.091 0.032 0.026 0.003 0.006 0.005 0.002 0.000
9.000 4.000 4.259 0.854 0.091 0.035 0.021 0.003 0.005 0.005 0.002 0.000
10.000 0.000 2.742 0.907 0.058 0.023 0.012 0.002 0.012 0.003 0.001 0.000
10.000 1.000 2.983 0.876 0.076 0.027 0.021 0.002 0.011 0.004 0.001 0.000
10.000 2.000 3.371 0.864 0.083 0.030 0.023 0.004 0.015 0.007 0.002 0.000
10.000 3.000 3.459 0.879 0.075 0.029 0.018 0.002 0.008 0.004 0.001 0.000
10.000 4.000 3.713 0.873 0.079 0.031 0.018 0.004 0.009 0.006 0.002 0.000
