0.000 0.000 9.400 0.560 0.268 0.097 0.075 0.013 0.004 0.049 0.017 0.000
0.000 1.000 10.093 0.551 0.277 0.105 0.067 0.012 0.003 0.051 0.018 0.000
0.000 2.000 10.359 0.497 0.304 0.105 0.092 0.012 0.002 0.044 0.014 0.000
0.000 3.000 11.282 0.461 0.324 0.108 0.107 0.012 0.002 0.043 0.013 0.000
0.000 4.000 11.520 0.409 0.351 0.110 0.122 0.015 0.002 0.051 0.015 0.000
1.000 0.000 9.081 0.512 0.287 0.085 0.116 0.017 0.003 0.047 0.013 0.000
1.000 1.000 10.188 0.513 0.296 0.104 0.088 0.012 0.002 0.041 0.013 0.000
1.000 2.000 10.454 0.511 0.296 0.103 0.089 0.014 0.003 0.048 0.016 0.000
1.000 3.000 11.427 0.444 0.332 0.108 0.119 0.013 0.002 0.045 0.013 0.000
1.000 4.000 11.787 0.412 0.351 0.114 0.123 0.016 0.002 0.053 0.017 0.000
2.000 0.000 9.317 0.535 0.281 0.096 0.088 0.014 0.003 0.048 0.015 0.000
2.000 1.000 9.826 0.524 0.285 0.094 0.097 0.015 0.003 0.050 0.015 0.000
2.000 2.000 10.295 0.505 0.298 0.100 0.097 0.015 0.003 0.053 0.016 0.000
2.000 3.000 11.280 0.472 0.314 0.099 0.108 0.013 0.002 0.041 0.012 0.000
2.000 4.000 11.514 0.452 0.330 0.111 0.108 0.018 0.003 0.065 0.021 0.000
3.000 0.000 9.130 0.597 0.249 0.094 0.060 0.013 0.004 0.050 0.017 0.000
3.000 1.000 9.609 0.545 0.276 0.098 0.080 0.014 0.003 0.048 0.017 0.000
3.000 2.000 9.833 0.534 0.278 0.091 0.096 0.014 0.003 0.042 0.013 0.000
3.000 3.000 10.707 0.515 0.292 0.098 0.095 0.012 0.002 0.037 0.012 0.000
3.000 4.000 11.165 0.476 0.308 0.091 0.117 0.016 0.003 0.051 0.014 0.000
4.000 0.000 8.817 0.578 0.253 0.084 0.085 0.015 0.004 0.050 0.015 0.000
4.000 1.000 9.242 0.632 0.231 0.093 0.044 0.009 0.003 0.037 0.013 0.000
4.000 2.000 9.556 0.596 0.246 0.089 0.069 0.006 0.002 0.013 0.004 0.000
4.000 3.000 10.144 0.588 0.248 0.084 0.081 0.012 0.003 0.034 0.010 0.000
4.000 4.000 10.376 0.547 0.271 0.089 0.093 0.017 0.004 0.054 0.017 0.000
5.000 0.000 8.247 0.619 0.235 0.089 0.057 0.012 0.005 0.045 0.015 0.000
5.000 1.000 8.666 0.658 0.208 0.073 0.061 0.009 0.002 0.022 0.007 0.000
5.000 2.000 8.700 0.658 0.208 0.074 0.060 0.008 0.003 0.020 0.006 0.000
5.000 3.000 9.213 0.645 0.211 0.067 0.077 0.009 0.002 0.020 0.006 0.000
5.000 4.000 9.468 0.656 0.207 0.071 0.066 0.010 0.003 0.027 0.008 0.000
6.000 0.000 7.253 0.689 0.186 0.062 0.063 0.008 0.003 0.019 0.005 0.000
6.000 1.000 7.396 0.695 0.182 0.060 0.062 0.007 0.002 0.013 0.004 0.000
6.000 2.000 7.452 0.709 0.175 0.058 0.058 0.007 0.002 0.013 0.004 0.000
6.000 3.000 7.491 0.725 0.166 0.057 0.052 0.007 0.003 0.013 0.004 0.000
6.000 4.000 7.669 0.752 0.148 0.048 0.051 0.006 0.002 0.011 0.003 0.000
7.000 0.000 6.221 0.798 0.123 0.045 0.033 0.006 0.003 0.011 0.003 0.000
7.000 1.000 6.185 0.767 0.141 0.048 0.044 0.006 0.004 0.013 0.003 0.000
7.000 2.000 5.656 0.795 0.121 0.036 0.049 0.005 0.004 0.008 0.002 0.000
7.000 3.000 5.292 0.803 0.118 0.039 0.040 0.005 0.004 0.007 0.002 0.000
7.000 4.000 5.068 0.808 0.115 0.038 0.038 0.005 0.004 0.008 0.002 0.000
8.000 0.000 5.378 0.795 0.123 0.042 0.040 0.005 0.003 0.007 0.002 0.000
8.000 1.000 5.010 0.831 0.103 0.036 0.030 0.004 0.003 0.006 0.001 0.000
8.000 2.000 4.461 0.847 0.092 0.030 0.031 0.004 0.005 0.007 0.002 0.000
8.000 3.000 3.895 0.825 0.104 0.033 0.038 0.004 0.007 0.008 0.002 0.000
8.000 4.000 3.642 0.796 0.118 0.031 0.056 0.005 0.009 0.010 0.002 0.000
9.000 0.000 4.250 0.873 0.077 0.027 0.023 0.004 0.004 0.006 0.001 0.000
9.000 1.000 3.813 0.865 0.081 0.027 0.027 0.004 0.005 0.005 0.001 0.000
9.000 2.000 3.600 0.861 0.085 0.031 0.024 0.004 0.018 0.008 0.002 0.000
9.000 3.000 3.074 0.886 0.069 0.024 0.020 0.002 0.016 0.005 0.001 0.000
9.000 4.000 2.781 0.881 0.073 0.028 0.018 0.002 0.027 0.007 0.002 0.000
10.000 0.000 3.547 0.884 0.070 0.025 0.020 0.002 0.012 0.006 0.001 0.000
10.000 1.000 3.149 0.884 0.071 0.026 0.019 0.002 0.013 0.004 0.001 0.000
10.000 2.000 2.906 0.877 0.075 0.027 0.022 0.003 0.033 0.008 0.002 0.000
10.000 3.000 2.545 0.901 0.062 0.025 0.017 0.002 0.025 0.004 0.001 0.000
10.000 4.000 2.846 0.801 0.120 0.041 0.043 0.006 0.047 0.017 0.005 0.000
