0.000 0.000 9.159 0.489 0.306 0.102 0.103 0.014 0.003 0.044 0.014 0.000
0.000 1.000 9.199 0.485 0.310 0.105 0.099 0.007 0.002 0.013 0.004 0.000
0.000 2.000 8.844 0.522 0.290 0.101 0.088 0.011 0.003 0.039 0.013 0.000
0.000 3.000 8.617 0.516 0.294 0.103 0.088 0.010 0.002 0.035 0.012 0.000
0.000 4.000 8.245 0.562 0.265 0.092 0.081 0.012 0.003 0.037 0.012 0.000
1.000 0.000 9.157 0.488 0.305 0.098 0.108 0.014 0.002 0.043 0.013 0.000
1.000 1.000 9.141 0.499 0.302 0.103 0.096 0.013 0.003 0.044 0.015 0.000
1.000 2.000 8.812 0.530 0.285 0.100 0.085 0.011 0.002 0.036 0.012 0.000
1.000 3.000 8.698 0.515 0.291 0.096 0.098 0.012 0.003 0.038 0.012 0.000
1.000 4.000 8.417 0.541 0.277 0.095 0.086 0.011 0.003 0.036 0.011 0.000
2.000 0.000 8.850 0.495 0.303 0.101 0.103 0.017 0.003 0.057 0.017 0.000
2.000 1.000 8.713 0.503 0.299 0.101 0.097 0.013 0.003 0.041 0.013 0.000
2.000 2.000 8.404 0.562 0.267 0.095 0.076 0.011 0.003 0.034 0.011 0.000
2.000 3.000 8.569 0.533 0.283 0.098 0.087 0.011 0.003 0.037 0.012 0.000
2.000 4.000 8.158 0.578 0.258 0.093 0.071 0.008 0.002 0.012 0.004 0.000
3.000 0.000 8.416 0.543 0.278 0.098 0.081 0.014 0.004 0.051 0.017 0.000
3.000 1.000 8.333 0.553 0.271 0.095 0.081 0.012 0.003 0.039 0.013 0.000
3.000 2.000 8.061 0.581 0.252 0.085 0.081 0.009 0.002 0.025 0.008 0.000
3.000 3.000 8.088 0.566 0.259 0.085 0.089 0.008 0.002 0.022 0.007 0.000
3.000 4.000 7.852 0.596 0.245 0.087 0.070 0.009 0.003 0.025 0.008 0.000
4.000 0.000 7.687 0.577 0.254 0.085 0.084 0.013 0.004 0.040 0.013 0.000
4.000 1.000 7.416 0.610 0.238 0.086 0.066 0.009 0.003 0.025 0.008 0.000
4.000 2.000 7.456 0.660 0.209 0.078 0.054 0.006 0.002 0.017 0.005 0.000
4.000 3.000 7.521 0.617 0.232 0.082 0.069 0.009 0.003 0.023 0.007 0.000
4.000 4.000 7.350 0.625 0.227 0.080 0.068 0.007 0.003 0.022 0.007 0.000
5.000 0.000 6.653 0.648 0.214 0.077 0.061 0.008 0.003 0.020 0.006 0.000
5.000 1.000 6.704 0.708 0.179 0.065 0.049 0.005 0.002 0.012 0.003 0.000
5.000 2.000 6.853 0.712 0.175 0.062 0.051 0.006 0.003 0.014 0.004 0.000
5.000 3.000 6.902 0.682 0.195 0.071 0.052 0.006 0.003 0.017 0.005 0.000
5.000 4.000 6.772 0.675 0.199 0.072 0.054 0.006 0.002 0.010 0.002 0.000
6.000 0.000 5.280 0.760 0.147 0.054 0.039 0.005 0.003 0.008 0.003 0.000
6.000 1.000 5.364 0.782 0.134 0.051 0.033 0.004 0.003 0.008 0.002 0.000
6.000 2.000 5.439 0.761 0.145 0.050 0.044 0.005 0.004 0.010 0.003 0.000
6.000 3.000 5.764 0.754 0.150 0.053 0.043 0.005 0.004 0.009 0.003 0.000
6.000 4.000 5.912 0.735 0.162 0.059 0.045 0.006 0.004 0.011 0.004 0.000
7.000 0.000 3.974 0.816 0.113 0.042 0.029 0.004 0.007 0.007 0.002 0.000
7.000 1.000 3.825 0.841 0.097 0.034 0.028 0.003 0.007 0.006 0.002 0.000
7.000 2.000 4.145 0.840 0.098 0.037 0.025 0.003 0.006 0.006 0.002 0.000
7.000 3.000 4.496 0.809 0.117 0.043 0.031 0.004 0.005 0.006 0.002 0.000
7.000 4.000 4.873 0.797 0.122 0.042 0.039 0.004 0.004 0.006 0.002 0.000
8.000 0.000 2.611 0.897 0.063 0.023 0.018 0.002 0.014 0.004 0.001 0.000
8.000 1.000 2.783 0.875 0.076 0.027 0.022 0.004 0.021 0.006 0.002 0.000
8.000 2.000 3.375 0.824 0.104 0.032 0.040 0.009 0.045 0.019 0.005 0.000
8.000 3.000 3.513 0.837 0.099 0.035 0.030 0.005 0.014 0.009 0.003 0.000
8.000 4.000 3.784 0.838 0.098 0.035 0.029 0.003 0.006 0.006 0.002 0.000
9.000 0.000 2.050 0.914 0.052 0.019 0.014 0.002 0.036 0.004 0.001 0.000
9.000 1.000 2.322 0.868 0.079 0.026 0.027 0.005 0.070 0.012 0.003 0.000
9.000 2.000 2.643 0.835 0.096 0.027 0.043 0.009 0.072 0.015 0.005 0.000
9.000 3.000 2.775 0.857 0.085 0.027 0.032 0.006 0.053 0.011 0.003 0.000
9.000 4.000 3.030 0.871 0.079 0.028 0.022 0.004 0.017 0.007 0.002 0.000
10.000 0.000 1.879 0.936 0.039 0.015 0.010 0.001 0.033 0.003 0.001 0.000
10.000 1.000 2.098 0.895 0.063 0.021 0.021 0.003 0.056 0.006 0.002 0.000
10.000 2.000 2.215 0.867 0.079 0.025 0.030 0.005 0.079 0.009 0.003 0.000
10.000 3.000 2.418 0.866 0.079 0.024 0.031 0.006 0.080 0.014 0.003 0.000
10.000 4.000 2.444 0.883 0.070 0.023 0.026 0.004 0.034 0.009 0.002 0.000
