0.000 0.000 11.331 0.299 0.403 0.105 0.194 0.016 0.002 0.044 0.010 0.000
0.000 1.000 11.781 0.326 0.397 0.119 0.158 0.015 0.002 0.044 0.012 0.000
0.000 2.000 10.858 0.358 0.377 0.113 0.151 0.014 0.002 0.040 0.011 0.000
0.000 3.000 10.954 0.381 0.365 0.112 0.142 0.013 0.002 0.039 0.011 0.000
0.000 4.000 10.154 0.454 0.327 0.108 0.111 0.014 0.002 0.048 0.015 0.000
1.000 0.000 11.448 0.325 0.396 0.118 0.160 0.017 0.002 0.055 0.014 0.000
1.000 1.000 11.942 0.367 0.370 0.108 0.154 0.015 0.002 0.042 0.011 0.000
1.000 2.000 10.886 0.385 0.360 0.104 0.151 0.015 0.002 0.038 0.011 0.000
1.000 3.000 10.584 0.390 0.362 0.113 0.136 0.015 0.002 0.045 0.013 0.000
1.000 4.000 10.156 0.419 0.344 0.107 0.130 0.016 0.002 0.049 0.014 0.000
2.000 0.000 11.641 0.338 0.386 0.110 0.167 0.019 0.002 0.056 0.014 0.000
2.000 1.000 11.367 0.359 0.378 0.114 0.150 0.018 0.002 0.053 0.015 0.000
2.000 2.000 10.497 0.389 0.359 0.107 0.145 0.015 0.002 0.041 0.012 0.000
2.000 3.000 10.385 0.373 0.367 0.107 0.152 0.015 0.002 0.043 0.012 0.000
2.000 4.000 9.732 0.449 0.332 0.113 0.106 0.014 0.002 0.046 0.015 0.000
3.000 0.000 11.408 0.312 0.386 0.084 0.097 0.012 0.002 0.061 0.011 0.000
3.000 1.000 11.040 0.419 0.343 0.106 0.132 0.017 0.002 0.055 0.016 0.000
3.000 2.000 10.159 0.433 0.337 0.107 0.123 0.016 0.002 0.048 0.015 0.000
3.000 3.000 10.160 0.471 0.317 0.104 0.108 0.014 0.002 0.043 0.013 0.000
3.000 4.000 9.454 0.482 0.306 0.094 0.118 0.014 0.002 0.038 0.011 0.000
4.000 0.000 10.681 0.423 0.339 0.100 0.138 0.020 0.003 0.060 0.016 0.000
4.000 1.000 10.446 0.424 0.339 0.102 0.135 0.017 0.002 0.051 0.014 0.000
4.000 2.000 9.748 0.471 0.314 0.100 0.114 0.015 0.002 0.047 0.014 0.000
4.000 3.000 9.495 0.487 0.306 0.098 0.109 0.016 0.003 0.048 0.015 0.000
4.000 4.000 8.885 0.516 0.288 0.092 0.104 0.014 0.003 0.042 0.013 0.000
5.000 0.000 9.475 0.517 0.290 0.097 0.144 0.020 0.003 0.058 0.016 0.000
5.000 1.000 9.475 0.469 0.313 0.094 0.124 0.014 0.002 0.043 0.012 0.000
5.000 2.000 8.978 0.541 0.274 0.088 0.097 0.007 0.002 0.021 0.004 0.000
5.000 3.000 8.672 0.521 0.282 0.084 0.113 0.014 0.003 0.041 0.012 0.000
5.000 4.000 8.015 0.602 0.243 0.089 0.066 0.012 0.004 0.041 0.014 0.000
6.000 0.000 8.329 0.546 0.265 0.077 0.111 0.016 0.004 0.047 0.013 0.000
6.000 1.000 8.294 0.603 0.239 0.082 0.076 0.010 0.003 0.026 0.008 0.000
6.000 2.000 7.682 0.595 0.241 0.077 0.087 0.007 0.002 0.020 0.004 0.000
6.000 3.000 7.372 0.603 0.237 0.077 0.083 0.011 0.004 0.032 0.009 0.000
6.000 4.000 6.657 0.649 0.211 0.070 0.070 0.008 0.004 0.023 0.007 0.000
7.000 0.000 6.751 0.646 0.209 0.064 0.081 0.019 0.009 0.054 0.015 0.000
7.000 1.000 6.814 0.658 0.204 0.065 0.073 0.007 0.003 0.016 0.004 0.000
7.000 2.000 6.457 0.696 0.182 0.060 0.063 0.007 0.004 0.017 0.005 0.000
7.000 3.000 6.052 0.726 0.166 0.058 0.050 0.007 0.004 0.017 0.004 0.000
7.000 4.000 5.316 0.761 0.144 0.050 0.045 0.004 0.004 0.010 0.003 0.000
8.000 0.000 5.194 0.760 0.143 0.046 0.051 0.006 0.004 0.009 0.002 0.000
8.000 1.000 5.408 0.754 0.150 0.054 0.042 0.004 0.003 0.010 0.002 0.000
8.000 2.000 5.255 0.772 0.140 0.053 0.035 0.005 0.004 0.011 0.003 0.000
8.000 3.000 4.795 0.801 0.122 0.044 0.033 0.004 0.004 0.008 0.002 0.000
8.000 4.000 4.056 0.818 0.111 0.040 0.030 0.003 0.005 0.005 0.001 0.000
9.000 0.000 3.826 0.840 0.097 0.035 0.028 0.003 0.006 0.006 0.002 0.000
9.000 1.000 3.957 0.836 0.100 0.037 0.026 0.003 0.006 0.007 0.002 0.000
9.000 2.000 3.983 0.829 0.104 0.036 0.032 0.004 0.007 0.007 0.002 0.000
9.000 3.000 3.632 0.845 0.094 0.033 0.027 0.003 0.006 0.005 0.001 0.000
9.000 4.000 2.994 0.869 0.080 0.028 0.023 0.002 0.008 0.004 0.001 0.000
10.000 0.000 2.709 0.873 0.077 0.027 0.021 0.002 0.012 0.004 0.001 0.000
10.000 1.000 2.941 0.862 0.085 0.032 0.021 0.002 0.011 0.005 0.001 0.000
10.000 2.000 2.944 0.874 0.077 0.028 0.021 0.003 0.013 0.004 0.001 0.000
10.000 3.000 2.645 0.879 0.074 0.027 0.020 0.002 0.012 0.004 0.001 0.000
10.000 4.000 2.290 0.897 0.064 0.024 0.015 0.002 0.016 0.003 0.001 0.000
