0.000 0.000 22.832 0.098 0.478 0.054 0.371 0.023 0.011 0.050 0.007 0.000
0.000 1.000 23.154 0.115 0.476 0.067 0.340 0.015 0.010 0.039 0.006 0.000
0.000 2.000 22.083 0.083 0.487 0.058 0.372 0.013 0.006 0.029 0.004 0.000
0.000 3.000 22.442 0.083 0.480 0.042 0.396 0.020 0.004 0.031 0.004 0.000
0.000 4.000 22.049 0.144 0.461 0.067 0.328 0.020 0.008 0.038 0.006 0.000
1.000 0.000 23.104 0.103 0.471 0.044 0.381 0.019 0.010 0.042 0.006 0.000
1.000 1.000 23.278 0.104 0.475 0.053 0.364 0.016 0.009 0.034 0.005 0.000
1.000 2.000 21.640 0.084 0.489 0.062 0.365 0.015 0.007 0.030 0.005 0.000
1.000 3.000 21.786 0.118 0.470 0.057 0.355 0.019 0.011 0.039 0.006 0.000
1.000 4.000 18.587 0.115 0.476 0.068 0.345 0.018 0.006 0.041 0.005 0.000
2.000 0.000 21.787 0.120 0.473 0.065 0.341 0.018 0.010 0.039 0.006 0.000
2.000 1.000 22.861 0.122 0.470 0.062 0.346 0.017 0.009 0.037 0.006 0.000
2.000 2.000 17.470 0.092 0.476 0.044 0.387 0.021 0.006 0.038 0.005 0.000
2.000 3.000 15.971 0.110 0.476 0.063 0.351 0.019 0.005 0.036 0.005 0.000
2.000 4.000 11.959 0.136 0.455 0.046 0.363 0.025 0.004 0.041 0.005 0.000
3.000 0.000 19.586 0.154 0.465 0.083 0.298 0.024 0.010 0.056 0.009 0.000
3.000 1.000 19.179 0.176 0.448 0.071 0.305 0.018 0.008 0.037 0.006 0.000
3.000 2.000 14.214 0.155 0.455 0.065 0.325 0.017 0.004 0.032 0.004 0.000
3.000 3.000 14.056 0.177 0.447 0.070 0.307 0.018 0.004 0.036 0.005 0.000
3.000 4.000 14.384 0.214 0.430 0.074 0.282 0.019 0.004 0.039 0.006 0.000
4.000 0.000 15.302 0.255 0.418 0.091 0.236 0.022 0.006 0.056 0.010 0.000
4.000 1.000 14.964 0.248 0.414 0.076 0.262 0.020 0.005 0.039 0.007 0.000
4.000 2.000 13.660 0.268 0.402 0.073 0.252 0.018 0.003 0.037 0.006 0.000
4.000 3.000 14.333 0.314 0.384 0.082 0.221 0.015 0.003 0.035 0.006 0.000
4.000 4.000 12.726 0.347 0.368 0.083 0.193 0.017 0.003 0.042 0.008 0.000
5.000 0.000 14.187 0.368 0.359 0.085 0.187 0.021 0.005 0.051 0.011 0.000
5.000 1.000 14.055 0.376 0.357 0.089 0.179 0.018 0.004 0.047 0.010 0.000
5.000 2.000 12.819 0.422 0.330 0.082 0.165 0.013 0.003 0.029 0.007 0.000
5.000 3.000 12.208 0.441 0.320 0.081 0.159 0.017 0.003 0.043 0.010 0.000
5.000 4.000 11.823 0.500 0.291 0.081 0.129 0.015 0.003 0.039 0.010 0.000
6.000 0.000 12.280 0.532 0.277 0.085 0.108 0.018 0.007 0.056 0.014 0.000
6.000 1.000 12.292 0.526 0.273 0.072 0.129 0.014 0.006 0.033 0.008 0.000
6.000 2.000 10.418 0.558 0.254 0.067 0.121 0.013 0.003 0.031 0.007 0.000
6.000 3.000 10.775 0.629 0.212 0.053 0.106 0.007 0.003 0.014 0.003 0.000
6.000 4.000 8.928 0.668 0.192 0.051 0.089 0.009 0.003 0.021 0.004 0.000
7.000 0.000 9.627 0.609 0.230 0.069 0.092 0.018 0.005 0.052 0.015 0.000
7.000 1.000 9.290 0.667 0.190 0.047 0.097 0.009 0.003 0.020 0.004 0.000
7.000 2.000 8.014 0.763 0.139 0.041 0.056 0.007 0.003 0.015 0.003 0.000
7.000 3.000 7.575 0.757 0.143 0.043 0.058 0.006 0.002 0.012 0.002 0.000
7.000 4.000 6.354 0.809 0.112 0.033 0.045 0.005 0.003 0.008 0.002 0.000
8.000 0.000 7.568 0.756 0.146 0.048 0.050 0.008 0.003 0.017 0.003 0.000
8.000 1.000 6.936 0.778 0.129 0.035 0.058 0.005 0.002 0.008 0.002 0.000
8.000 2.000 5.671 0.832 0.100 0.032 0.037 0.005 0.004 0.008 0.002 0.000
8.000 3.000 4.719 0.814 0.109 0.032 0.046 0.004 0.004 0.008 0.002 0.000
8.000 4.000 3.735 0.857 0.086 0.029 0.028 0.003 0.006 0.006 0.001 0.000
9.000 0.000 5.364 0.843 0.092 0.027 0.038 0.006 0.004 0.008 0.002 0.000
9.000 1.000 4.708 0.823 0.105 0.033 0.039 0.004 0.004 0.006 0.002 0.000
9.000 2.000 3.852 0.862 0.081 0.024 0.032 0.004 0.008 0.006 0.002 0.000
9.000 3.000 3.173 0.871 0.076 0.023 0.030 0.003 0.009 0.005 0.001 0.000
9.000 4.000 2.594 0.889 0.068 0.024 0.019 0.002 0.017 0.004 0.001 0.000
10.000 0.000 3.453 0.883 0.071 0.024 0.022 0.003 0.007 0.004 0.001 0.000
10.000 1.000 3.093 0.876 0.074 0.023 0.029 0.003 0.010 0.005 0.001 0.000
10.000 2.000 2.915 0.864 0.079 0.021 0.037 0.004 0.024 0.007 0.002 0.000
10.000 3.000 2.510 0.890 0.067 0.023 0.020 0.003 0.022 0.004 0.001 0.000
10.000 4.000 2.201 0.912 0.054 0.021 0.013 0.002 0.027 0.003 0.001 0.000
