0.000 0.000 5.964 0.649 0.218 0.084 0.049 0.009 0.005 0.026 0.009 0.000
0.000 1.000 5.916 0.702 0.191 0.084 0.023 0.007 0.005 0.022 0.009 0.000
0.000 2.000 5.728 0.696 0.190 0.076 0.038 0.008 0.005 0.025 0.008 0.000
0.000 3.000 5.427 0.658 0.214 0.087 0.040 0.007 0.005 0.025 0.008 0.000
0.000 4.000 5.158 0.731 0.170 0.070 0.031 0.008 0.007 0.020 0.008 0.000
1.000 0.000 5.950 0.657 0.212 0.081 0.047 0.008 0.004 0.028 0.009 0.000
1.000 1.000 5.822 0.661 0.211 0.084 0.044 0.008 0.005 0.022 0.008 0.000
1.000 2.000 5.561 0.686 0.197 0.080 0.036 0.008 0.006 0.028 0.009 0.000
1.000 3.000 5.393 0.672 0.207 0.086 0.035 0.007 0.005 0.025 0.008 0.000
1.000 4.000 5.008 0.701 0.188 0.077 0.034 0.007 0.006 0.023 0.007 0.000
2.000 0.000 5.643 0.668 0.207 0.083 0.042 0.008 0.005 0.027 0.008 0.000
2.000 1.000 5.567 0.733 0.169 0.070 0.025 0.008 0.006 0.027 0.008 0.000
2.000 2.000 5.348 0.748 0.158 0.065 0.029 0.008 0.007 0.022 0.007 0.000
2.000 3.000 5.211 0.722 0.177 0.076 0.025 0.008 0.007 0.024 0.008 0.000
2.000 4.000 4.885 0.733 0.170 0.072 0.026 0.007 0.007 0.018 0.007 0.000
3.000 0.000 5.016 0.705 0.184 0.073 0.037 0.008 0.007 0.026 0.008 0.000
3.000 1.000 4.969 0.722 0.177 0.075 0.026 0.007 0.006 0.018 0.007 0.000
3.000 2.000 4.854 0.723 0.175 0.073 0.029 0.008 0.008 0.020 0.008 0.000
3.000 3.000 4.758 0.723 0.174 0.070 0.034 0.007 0.007 0.020 0.006 0.000
3.000 4.000 4.538 0.742 0.163 0.068 0.027 0.007 0.009 0.020 0.007 0.000
4.000 0.000 4.559 0.742 0.160 0.062 0.036 0.007 0.009 0.020 0.006 0.000
4.000 1.000 4.411 0.771 0.145 0.061 0.023 0.007 0.009 0.018 0.006 0.000
4.000 2.000 4.328 0.789 0.134 0.057 0.021 0.007 0.013 0.020 0.007 0.000
4.000 3.000 4.252 0.767 0.147 0.062 0.024 0.007 0.010 0.018 0.006 0.000
4.000 4.000 4.153 0.744 0.162 0.067 0.027 0.007 0.010 0.016 0.006 0.000
5.000 0.000 3.848 0.749 0.157 0.063 0.031 0.006 0.009 0.015 0.004 0.000
5.000 1.000 3.651 0.762 0.148 0.058 0.032 0.006 0.012 0.015 0.004 0.000
5.000 2.000 3.632 0.745 0.159 0.063 0.032 0.007 0.014 0.018 0.005 0.000
5.000 3.000 3.860 0.787 0.135 0.057 0.022 0.007 0.013 0.015 0.006 0.000
5.000 4.000 3.919 0.783 0.136 0.056 0.025 0.007 0.013 0.017 0.005 0.000
6.000 0.000 3.009 0.849 0.094 0.037 0.020 0.007 0.013 0.014 0.004 0.000
6.000 1.000 2.780 0.873 0.079 0.031 0.017 0.007 0.013 0.011 0.003 0.000
6.000 2.000 2.717 0.850 0.092 0.033 0.025 0.007 0.015 0.013 0.004 0.000
6.000 3.000 2.924 0.843 0.098 0.039 0.019 0.006 0.012 0.013 0.004 0.000
6.000 4.000 3.099 0.855 0.091 0.037 0.016 0.007 0.012 0.014 0.004 0.000
7.000 0.000 2.317 0.882 0.072 0.025 0.021 0.005 0.021 0.009 0.003 0.000
7.000 1.000 2.053 0.881 0.074 0.029 0.016 0.005 0.028 0.009 0.003 0.000
7.000 2.000 2.066 0.833 0.098 0.030 0.037 0.007 0.035 0.014 0.003 0.000
7.000 3.000 2.380 0.949 0.033 0.015 0.005 0.008 0.032 0.011 0.003 0.000
7.000 4.000 2.500 0.844 0.095 0.035 0.026 0.006 0.018 0.011 0.004 0.000
8.000 0.000 1.792 0.867 0.081 0.030 0.022 0.005 0.038 0.009 0.003 0.000
8.000 1.000 2.192 0.962 0.022 0.007 0.002 0.018 0.102 0.027 0.005 0.000
8.000 2.000 1.933 0.793 0.124 0.041 0.038 0.017 0.135 0.054 0.013 0.000
8.000 3.000 1.938 0.823 0.104 0.030 0.037 0.007 0.041 0.016 0.004 0.000
8.000 4.000 1.996 0.866 0.082 0.031 0.019 0.005 0.026 0.010 0.003 0.000
9.000 0.000 1.550 0.912 0.056 0.023 0.008 0.006 0.059 0.009 0.003 0.000
9.000 1.000 1.487 0.915 0.054 0.022 0.009 0.006 0.078 0.011 0.003 0.000
9.000 2.000 1.406 0.964 0.022 0.008 0.006 0.008 0.167 0.013 0.003 0.000
9.000 3.000 1.724 0.915 0.053 0.021 0.007 0.008 0.061 0.015 0.004 0.000
9.000 4.000 1.982 0.902 0.051 0.005 0.000 0.010 0.050 0.018 0.003 0.000
10.000 0.000 1.518 0.903 0.059 0.020 0.022 0.006 0.067 0.009 0.003 0.000
10.000 1.000 1.543 0.793 0.112 0.017 0.000 0.006 0.066 0.016 0.003 0.000
10.000 2.000 1.511 1.000 0.000 0.000 0.000 0.014 0.214 0.020 0.004 0.000
10.000 3.000 1.931 1.000 0.000 0.000 0.000 0.018 0.135 0.025 0.006 0.000
10.000 4.000 1.609 0.891 0.067 0.026 0.016 0.005 0.045 0.009 0.003 0.000
