0.000 0.000 9.248 0.534 0.277 0.089 0.100 0.010 0.002 0.029 0.008 0.000
0.000 1.000 8.836 0.617 0.232 0.080 0.070 0.008 0.002 0.021 0.006 0.000
0.000 2.000 8.653 0.651 0.215 0.081 0.053 0.007 0.002 0.020 0.006 0.000
0.000 3.000 8.240 0.675 0.200 0.074 0.052 0.006 0.002 0.014 0.004 0.000
0.000 4.000 7.661 0.691 0.189 0.070 0.050 0.007 0.002 0.015 0.004 0.000
1.000 0.000 9.246 0.633 0.226 0.086 0.055 0.009 0.003 0.023 0.007 0.000
1.000 1.000 8.638 0.633 0.225 0.083 0.059 0.008 0.002 0.022 0.006 0.000
1.000 2.000 8.465 0.663 0.210 0.083 0.043 0.007 0.002 0.020 0.007 0.000
1.000 3.000 8.137 0.712 0.177 0.066 0.045 0.006 0.002 0.013 0.003 0.000
1.000 4.000 7.510 0.667 0.202 0.071 0.060 0.007 0.002 0.016 0.004 0.000
2.000 0.000 9.017 0.622 0.229 0.080 0.068 0.009 0.003 0.026 0.008 0.000
2.000 1.000 8.466 0.633 0.223 0.078 0.066 0.008 0.002 0.020 0.006 0.000
2.000 2.000 8.108 0.667 0.198 0.063 0.072 0.007 0.002 0.013 0.004 0.000
2.000 3.000 7.709 0.705 0.182 0.069 0.043 0.006 0.002 0.012 0.004 0.000
2.000 4.000 7.209 0.703 0.180 0.063 0.054 0.007 0.002 0.013 0.004 0.000
3.000 0.000 8.473 0.628 0.226 0.079 0.068 0.008 0.002 0.023 0.006 0.000
3.000 1.000 7.968 0.658 0.205 0.069 0.068 0.008 0.002 0.021 0.006 0.000
3.000 2.000 7.571 0.713 0.177 0.066 0.044 0.006 0.002 0.013 0.004 0.000
3.000 3.000 7.191 0.734 0.164 0.062 0.039 0.006 0.002 0.012 0.003 0.000
3.000 4.000 6.663 0.747 0.156 0.060 0.036 0.006 0.002 0.011 0.003 0.000
4.000 0.000 7.838 0.659 0.209 0.077 0.055 0.007 0.002 0.019 0.006 0.000
4.000 1.000 7.482 0.681 0.195 0.071 0.053 0.005 0.002 0.012 0.003 0.000
4.000 2.000 6.938 0.719 0.170 0.060 0.051 0.006 0.002 0.012 0.003 0.000
4.000 3.000 6.365 0.772 0.142 0.057 0.029 0.005 0.002 0.010 0.003 0.000
4.000 4.000 6.003 0.767 0.142 0.052 0.039 0.005 0.003 0.009 0.003 0.000
5.000 0.000 7.074 0.708 0.180 0.067 0.046 0.006 0.002 0.013 0.004 0.000
5.000 1.000 6.598 0.745 0.157 0.060 0.037 0.006 0.002 0.011 0.003 0.000
5.000 2.000 6.055 0.757 0.149 0.055 0.038 0.005 0.002 0.009 0.003 0.000
5.000 3.000 5.597 0.789 0.133 0.054 0.025 0.004 0.003 0.009 0.003 0.000
5.000 4.000 5.182 0.822 0.113 0.048 0.018 0.004 0.003 0.008 0.002 0.000
6.000 0.000 5.849 0.769 0.141 0.051 0.039 0.006 0.002 0.009 0.003 0.000
6.000 1.000 5.399 0.787 0.130 0.048 0.034 0.005 0.002 0.009 0.002 0.000
6.000 2.000 4.799 0.803 0.119 0.040 0.038 0.005 0.003 0.007 0.002 0.000
6.000 3.000 4.185 0.826 0.106 0.038 0.029 0.004 0.003 0.005 0.002 0.000
6.000 4.000 3.867 0.862 0.086 0.035 0.017 0.004 0.004 0.006 0.002 0.000
7.000 0.000 4.935 0.795 0.125 0.044 0.037 0.006 0.003 0.008 0.002 0.000
7.000 1.000 4.499 0.819 0.110 0.039 0.032 0.004 0.003 0.006 0.002 0.000
7.000 2.000 3.871 0.841 0.096 0.034 0.028 0.004 0.004 0.006 0.002 0.000
7.000 3.000 3.356 0.879 0.074 0.027 0.021 0.003 0.005 0.005 0.001 0.000
7.000 4.000 2.955 0.904 0.060 0.024 0.013 0.003 0.006 0.004 0.001 0.000
8.000 0.000 3.749 0.829 0.105 0.038 0.029 0.006 0.006 0.008 0.003 0.000
8.000 1.000 3.469 0.842 0.098 0.037 0.023 0.003 0.005 0.008 0.002 0.000
8.000 2.000 3.122 0.844 0.094 0.031 0.031 0.005 0.010 0.010 0.002 0.000
8.000 3.000 2.802 0.839 0.091 0.022 0.047 0.010 0.029 0.011 0.003 0.000
8.000 4.000 2.295 0.899 0.061 0.020 0.020 0.004 0.023 0.006 0.002 0.000
9.000 0.000 3.099 0.872 0.079 0.029 0.021 0.004 0.006 0.008 0.002 0.000
9.000 1.000 2.939 0.862 0.083 0.027 0.029 0.007 0.012 0.008 0.002 0.000
9.000 2.000 2.643 0.845 0.087 0.019 0.050 0.010 0.034 0.013 0.003 0.000
9.000 3.000 2.250 0.866 0.077 0.020 0.037 0.009 0.051 0.011 0.003 0.000
9.000 4.000 2.162 0.833 0.098 0.029 0.043 0.009 0.055 0.018 0.004 0.000
10.000 0.000 2.614 0.828 0.095 0.019 0.033 0.007 0.014 0.010 0.002 0.000
10.000 1.000 2.463 0.851 0.087 0.024 0.039 0.008 0.033 0.009 0.002 0.000
10.000 2.000 2.283 0.832 0.094 0.021 0.053 0.010 0.052 0.014 0.004 0.000
10.000 3.000 1.920 0.852 0.083 0.018 0.029 0.006 0.041 0.010 0.002 0.000
10.000 4.000 1.814 0.885 0.065 0.015 0.027 0.005 0.045 0.007 0.002 0.000
