0.000 0.000 8.356 0.581 0.253 0.088 0.078 0.008 0.002 0.026 0.008 0.000
0.000 1.000 9.089 0.619 0.234 0.086 0.061 0.007 0.002 0.021 0.006 0.000
0.000 2.000 9.385 0.572 0.258 0.088 0.082 0.009 0.002 0.023 0.006 0.000
0.000 3.000 9.582 0.548 0.273 0.094 0.084 0.008 0.001 0.025 0.007 0.000
0.000 4.000 9.603 0.507 0.295 0.096 0.102 0.010 0.002 0.029 0.008 0.000
1.000 0.000 8.544 0.580 0.254 0.088 0.077 0.009 0.002 0.025 0.007 0.000
1.000 1.000 8.939 0.560 0.265 0.089 0.087 0.010 0.002 0.031 0.009 0.000
1.000 2.000 9.244 0.565 0.265 0.095 0.075 0.008 0.002 0.022 0.007 0.000
1.000 3.000 9.749 0.530 0.286 0.102 0.074 0.010 0.002 0.039 0.012 0.000
1.000 4.000 9.481 0.498 0.300 0.099 0.103 0.011 0.002 0.035 0.010 0.000
2.000 0.000 8.461 0.585 0.254 0.093 0.069 0.011 0.002 0.037 0.012 0.000
2.000 1.000 8.806 0.570 0.260 0.089 0.081 0.010 0.002 0.030 0.009 0.000
2.000 2.000 9.313 0.621 0.233 0.088 0.057 0.009 0.002 0.022 0.007 0.000
2.000 3.000 9.731 0.552 0.272 0.097 0.079 0.011 0.002 0.033 0.010 0.000
2.000 4.000 9.673 0.501 0.298 0.097 0.106 0.011 0.002 0.033 0.009 0.000
3.000 0.000 8.079 0.635 0.220 0.075 0.069 0.008 0.002 0.019 0.006 0.000
3.000 1.000 8.670 0.658 0.210 0.078 0.054 0.008 0.002 0.018 0.005 0.000
3.000 2.000 8.911 0.616 0.233 0.082 0.068 0.008 0.002 0.020 0.006 0.000
3.000 3.000 9.260 0.565 0.260 0.086 0.088 0.008 0.001 0.019 0.005 0.000
3.000 4.000 9.470 0.494 0.301 0.097 0.108 0.012 0.002 0.036 0.010 0.000
4.000 0.000 7.652 0.655 0.212 0.080 0.052 0.007 0.002 0.016 0.005 0.000
4.000 1.000 7.939 0.632 0.220 0.073 0.074 0.008 0.002 0.018 0.005 0.000
4.000 2.000 8.312 0.656 0.212 0.080 0.052 0.007 0.002 0.017 0.005 0.000
4.000 3.000 8.462 0.660 0.207 0.074 0.059 0.008 0.002 0.019 0.005 0.000
4.000 4.000 8.768 0.601 0.237 0.074 0.090 0.009 0.002 0.025 0.006 0.000
5.000 0.000 7.104 0.676 0.198 0.072 0.055 0.007 0.002 0.018 0.005 0.000
5.000 1.000 7.359 0.693 0.188 0.069 0.050 0.006 0.002 0.016 0.004 0.000
5.000 2.000 7.695 0.690 0.188 0.066 0.056 0.007 0.002 0.014 0.004 0.000
5.000 3.000 7.911 0.693 0.185 0.063 0.059 0.006 0.002 0.014 0.003 0.000
5.000 4.000 8.012 0.641 0.215 0.070 0.074 0.007 0.002 0.017 0.004 0.000
6.000 0.000 6.542 0.756 0.148 0.052 0.041 0.006 0.004 0.013 0.003 0.000
6.000 1.000 6.693 0.739 0.161 0.061 0.039 0.005 0.003 0.012 0.004 0.000
6.000 2.000 6.760 0.744 0.158 0.059 0.039 0.005 0.003 0.013 0.004 0.000
6.000 3.000 6.892 0.742 0.158 0.057 0.043 0.005 0.003 0.013 0.004 0.000
6.000 4.000 7.179 0.689 0.189 0.067 0.055 0.007 0.004 0.022 0.006 0.000
7.000 0.000 5.912 0.767 0.142 0.050 0.042 0.005 0.004 0.010 0.003 0.000
7.000 1.000 5.725 0.802 0.123 0.049 0.026 0.004 0.005 0.009 0.003 0.000
7.000 2.000 5.771 0.769 0.139 0.048 0.044 0.004 0.005 0.012 0.003 0.000
7.000 3.000 5.853 0.778 0.133 0.044 0.045 0.004 0.004 0.009 0.002 0.000
7.000 4.000 5.984 0.762 0.146 0.053 0.040 0.005 0.005 0.015 0.004 0.000
8.000 0.000 5.092 0.796 0.123 0.042 0.039 0.004 0.006 0.008 0.002 0.000
8.000 1.000 4.890 0.824 0.109 0.042 0.025 0.003 0.005 0.006 0.002 0.000
8.000 2.000 4.786 0.836 0.102 0.041 0.020 0.003 0.007 0.008 0.003 0.000
8.000 3.000 4.624 0.819 0.111 0.040 0.030 0.003 0.007 0.008 0.002 0.000
8.000 4.000 4.833 0.826 0.105 0.036 0.033 0.003 0.006 0.007 0.002 0.000
9.000 0.000 4.163 0.844 0.096 0.037 0.022 0.003 0.009 0.006 0.002 0.000
9.000 1.000 3.876 0.861 0.086 0.033 0.019 0.002 0.010 0.005 0.002 0.000
9.000 2.000 3.809 0.856 0.088 0.031 0.025 0.003 0.013 0.007 0.002 0.000
9.000 3.000 3.541 0.903 0.065 0.033 0.027 0.002 0.015 0.005 0.002 0.000
9.000 4.000 3.533 0.863 0.083 0.028 0.026 0.002 0.016 0.006 0.002 0.000
10.000 0.000 3.538 0.848 0.093 0.035 0.023 0.002 0.013 0.005 0.002 0.000
10.000 1.000 3.179 0.867 0.081 0.029 0.022 0.002 0.024 0.006 0.002 0.000
10.000 2.000 3.724 0.804 0.118 0.039 0.040 0.005 0.022 0.012 0.004 0.000
10.000 3.000 3.276 0.821 0.107 0.035 0.033 0.005 0.044 0.014 0.004 0.000
10.000 4.000 3.056 0.869 0.078 0.025 0.021 0.002 0.024 0.005 0.001 0.000
