0.000 0.000 6.528 0.657 0.204 0.066 0.073 0.008 0.003 0.022 0.006 0.000
0.000 1.000 6.926 0.684 0.196 0.076 0.044 0.007 0.002 0.015 0.005 0.000
0.000 2.000 7.521 0.730 0.168 0.067 0.035 0.006 0.002 0.014 0.004 0.000
0.000 3.000 7.273 0.720 0.170 0.061 0.048 0.007 0.002 0.014 0.004 0.000
0.000 4.000 7.281 0.714 0.179 0.073 0.033 0.007 0.003 0.019 0.006 0.000
1.000 0.000 6.386 0.680 0.195 0.069 0.056 0.008 0.003 0.023 0.006 0.000
1.000 1.000 7.012 0.692 0.185 0.063 0.059 0.007 0.002 0.013 0.003 0.000
1.000 2.000 7.386 0.669 0.197 0.064 0.070 0.006 0.002 0.012 0.003 0.000
1.000 3.000 7.470 0.682 0.198 0.078 0.043 0.007 0.002 0.018 0.005 0.000
1.000 4.000 7.432 0.681 0.196 0.072 0.051 0.008 0.003 0.018 0.006 0.000
2.000 0.000 6.419 0.678 0.199 0.075 0.048 0.009 0.003 0.020 0.006 0.000
2.000 1.000 6.806 0.701 0.188 0.076 0.035 0.007 0.003 0.024 0.007 0.000
2.000 2.000 7.397 0.677 0.197 0.071 0.055 0.005 0.002 0.013 0.003 0.000
2.000 3.000 7.393 0.700 0.186 0.073 0.041 0.007 0.003 0.018 0.005 0.000
2.000 4.000 7.293 0.633 0.221 0.074 0.072 0.008 0.002 0.022 0.006 0.000
3.000 0.000 6.265 0.659 0.206 0.072 0.063 0.008 0.003 0.024 0.006 0.000
3.000 1.000 6.731 0.661 0.203 0.067 0.071 0.007 0.002 0.018 0.005 0.000
3.000 2.000 7.067 0.701 0.183 0.068 0.049 0.007 0.002 0.016 0.004 0.000
3.000 3.000 7.023 0.687 0.190 0.066 0.058 0.006 0.002 0.013 0.004 0.000
3.000 4.000 7.110 0.668 0.201 0.070 0.061 0.008 0.003 0.018 0.005 0.000
4.000 0.000 6.145 0.724 0.169 0.063 0.044 0.007 0.003 0.015 0.004 0.000
4.000 1.000 6.538 0.665 0.203 0.071 0.062 0.008 0.002 0.017 0.005 0.000
4.000 2.000 6.770 0.716 0.173 0.063 0.048 0.005 0.002 0.010 0.003 0.000
4.000 3.000 6.911 0.723 0.170 0.063 0.044 0.007 0.002 0.014 0.004 0.000
4.000 4.000 6.689 0.679 0.196 0.071 0.054 0.007 0.002 0.018 0.005 0.000
5.000 0.000 5.749 0.742 0.157 0.056 0.045 0.006 0.003 0.011 0.003 0.000
5.000 1.000 6.088 0.739 0.160 0.059 0.043 0.006 0.003 0.015 0.004 0.000
5.000 2.000 6.461 0.739 0.161 0.061 0.039 0.005 0.002 0.010 0.003 0.000
5.000 3.000 6.476 0.713 0.176 0.066 0.045 0.007 0.003 0.014 0.004 0.000
5.000 4.000 6.506 0.709 0.179 0.066 0.046 0.008 0.003 0.019 0.006 0.000
6.000 0.000 5.062 0.774 0.137 0.049 0.040 0.005 0.004 0.010 0.002 0.000
6.000 1.000 5.385 0.754 0.150 0.053 0.031 0.006 0.004 0.015 0.004 0.000
6.000 2.000 5.716 0.752 0.153 0.059 0.036 0.004 0.003 0.012 0.003 0.000
6.000 3.000 5.851 0.734 0.164 0.061 0.041 0.005 0.002 0.011 0.003 0.000
6.000 4.000 5.742 0.724 0.165 0.053 0.059 0.006 0.003 0.012 0.003 0.000
7.000 0.000 4.527 0.783 0.133 0.048 0.035 0.005 0.005 0.009 0.003 0.000
7.000 1.000 4.772 0.802 0.124 0.050 0.024 0.005 0.004 0.009 0.002 0.000
7.000 2.000 5.060 0.752 0.150 0.053 0.045 0.005 0.004 0.012 0.003 0.000
7.000 3.000 5.271 0.772 0.141 0.053 0.035 0.005 0.003 0.008 0.002 0.000
7.000 4.000 5.351 0.781 0.137 0.055 0.028 0.005 0.003 0.009 0.003 0.000
8.000 0.000 3.825 0.811 0.117 0.046 0.026 0.004 0.006 0.008 0.002 0.000
8.000 1.000 4.135 0.820 0.112 0.044 0.024 0.004 0.006 0.008 0.002 0.000
8.000 2.000 4.464 0.807 0.119 0.045 0.036 0.004 0.004 0.010 0.002 0.000
8.000 3.000 4.619 0.786 0.133 0.051 0.031 0.004 0.004 0.010 0.002 0.000
8.000 4.000 4.759 0.798 0.124 0.047 0.030 0.004 0.004 0.009 0.002 0.000
9.000 0.000 3.488 0.836 0.101 0.038 0.025 0.004 0.007 0.006 0.002 0.000
9.000 1.000 3.759 0.825 0.107 0.040 0.028 0.004 0.006 0.006 0.002 0.000
9.000 2.000 4.033 0.801 0.121 0.043 0.034 0.004 0.006 0.007 0.002 0.000
9.000 3.000 4.180 0.809 0.117 0.044 0.030 0.004 0.005 0.007 0.002 0.000
9.000 4.000 4.375 0.799 0.123 0.045 0.034 0.005 0.004 0.007 0.002 0.000
10.000 0.000 3.312 0.847 0.093 0.033 0.028 0.004 0.008 0.007 0.002 0.000
10.000 1.000 3.637 0.840 0.099 0.038 0.024 0.003 0.006 0.005 0.001 0.000
10.000 2.000 3.917 0.818 0.111 0.041 0.029 0.004 0.006 0.007 0.002 0.000
10.000 3.000 3.981 0.816 0.115 0.045 0.024 0.004 0.006 0.008 0.002 0.000
10.000 4.000 4.116 0.845 0.097 0.038 0.021 0.004 0.006 0.006 0.002 0.000
