0.000 0.000 21.436 0.068 0.489 0.045 0.399 0.018 0.006 0.042 0.005 0.000
0.000 1.000 23.436 0.097 0.481 0.059 0.363 0.017 0.008 0.039 0.006 0.000
0.000 2.000 20.740 0.083 0.485 0.053 0.378 0.015 0.005 0.030 0.004 0.000
0.000 3.000 20.402 0.115 0.478 0.072 0.334 0.012 0.004 0.027 0.004 0.000
0.000 4.000 18.699 0.169 0.460 0.089 0.283 0.016 0.004 0.036 0.006 0.000
1.000 0.000 21.489 0.079 0.480 0.040 0.401 0.021 0.007 0.044 0.005 0.000
1.000 1.000 23.119 0.100 0.486 0.071 0.343 0.016 0.008 0.038 0.007 0.000
1.000 2.000 21.737 0.102 0.479 0.060 0.355 0.015 0.005 0.032 0.004 0.000
1.000 3.000 18.151 0.114 0.478 0.070 0.339 0.017 0.004 0.034 0.005 0.000
1.000 4.000 16.225 0.158 0.459 0.075 0.309 0.016 0.003 0.035 0.005 0.000
2.000 0.000 17.966 0.085 0.478 0.042 0.394 0.021 0.005 0.037 0.004 0.000
2.000 1.000 19.577 0.079 0.487 0.053 0.382 0.016 0.004 0.032 0.004 0.000
2.000 2.000 19.491 0.106 0.483 0.071 0.341 0.013 0.004 0.030 0.004 0.000
2.000 3.000 17.892 0.154 0.461 0.075 0.303 0.014 0.004 0.030 0.005 0.000
2.000 4.000 16.765 0.214 0.431 0.077 0.279 0.016 0.003 0.034 0.005 0.000
3.000 0.000 17.903 0.129 0.463 0.056 0.353 0.024 0.005 0.044 0.005 0.000
3.000 1.000 18.018 0.128 0.473 0.073 0.326 0.018 0.004 0.035 0.006 0.000
3.000 2.000 17.135 0.185 0.445 0.075 0.295 0.017 0.004 0.037 0.006 0.000
3.000 3.000 15.277 0.223 0.430 0.082 0.264 0.016 0.003 0.034 0.006 0.000
3.000 4.000 14.560 0.318 0.384 0.086 0.212 0.016 0.003 0.037 0.007 0.000
4.000 0.000 15.729 0.198 0.442 0.081 0.281 0.020 0.004 0.044 0.007 0.000
4.000 1.000 14.989 0.234 0.418 0.070 0.278 0.023 0.004 0.048 0.007 0.000
4.000 2.000 15.023 0.311 0.387 0.084 0.219 0.016 0.003 0.037 0.007 0.000
4.000 3.000 13.653 0.306 0.393 0.092 0.209 0.019 0.002 0.050 0.010 0.000
4.000 4.000 12.797 0.427 0.332 0.091 0.150 0.017 0.002 0.047 0.011 0.000
5.000 0.000 14.031 0.305 0.393 0.091 0.212 0.021 0.003 0.051 0.010 0.000
5.000 1.000 14.255 0.322 0.391 0.104 0.176 0.021 0.003 0.061 0.015 0.000
5.000 2.000 13.227 0.386 0.353 0.093 0.168 0.021 0.002 0.054 0.014 0.000
5.000 3.000 12.824 0.448 0.315 0.079 0.157 0.016 0.002 0.038 0.009 0.000
5.000 4.000 11.825 0.503 0.291 0.086 0.120 0.015 0.003 0.047 0.013 0.000
6.000 0.000 12.915 0.437 0.333 0.103 0.127 0.022 0.003 0.075 0.021 0.000
6.000 1.000 12.176 0.448 0.312 0.071 0.170 0.019 0.003 0.044 0.010 0.000
6.000 2.000 11.021 0.527 0.273 0.073 0.126 0.017 0.004 0.045 0.012 0.000
6.000 3.000 10.486 0.571 0.250 0.071 0.108 0.014 0.004 0.042 0.011 0.000
6.000 4.000 9.371 0.680 0.189 0.057 0.071 0.012 0.006 0.039 0.010 0.000
7.000 0.000 10.651 0.508 0.284 0.075 0.133 0.018 0.004 0.052 0.013 0.000
7.000 1.000 10.019 0.570 0.255 0.081 0.094 0.018 0.006 0.064 0.019 0.000
7.000 2.000 9.329 0.727 0.160 0.047 0.064 0.006 0.002 0.012 0.003 0.000
7.000 3.000 8.121 0.785 0.126 0.038 0.051 0.005 0.003 0.010 0.002 0.000
7.000 4.000 6.815 0.824 0.105 0.033 0.038 0.005 0.006 0.011 0.003 0.000
8.000 0.000 8.503 0.697 0.179 0.056 0.067 0.011 0.007 0.034 0.010 0.000
8.000 1.000 7.621 0.716 0.161 0.038 0.085 0.007 0.004 0.013 0.003 0.000
8.000 2.000 6.508 0.806 0.120 0.046 0.028 0.006 0.006 0.011 0.003 0.000
8.000 3.000 5.351 0.828 0.105 0.038 0.029 0.003 0.009 0.009 0.003 0.000
8.000 4.000 4.319 0.867 0.082 0.031 0.022 0.002 0.014 0.006 0.002 0.000
9.000 0.000 6.011 0.799 0.118 0.035 0.048 0.005 0.008 0.013 0.003 0.000
9.000 1.000 5.287 0.846 0.090 0.027 0.036 0.003 0.009 0.008 0.002 0.000
9.000 2.000 4.518 0.864 0.085 0.034 0.017 0.005 0.024 0.013 0.005 0.000
9.000 3.000 3.765 0.827 0.104 0.034 0.035 0.004 0.030 0.010 0.003 0.000
9.000 4.000 3.250 0.813 0.114 0.042 0.031 0.003 0.044 0.009 0.003 0.000
10.000 0.000 4.318 0.902 0.062 0.027 0.009 0.003 0.017 0.006 0.002 0.000
10.000 1.000 3.895 0.854 0.089 0.032 0.025 0.003 0.027 0.009 0.003 0.000
10.000 2.000 4.530 0.761 0.153 0.067 0.027 0.019 0.088 0.063 0.027 0.000
10.000 3.000 3.253 0.747 0.155 0.057 0.041 0.005 0.071 0.019 0.006 0.000
10.000 4.000 2.959 0.774 0.139 0.053 0.033 0.006 0.128 0.020 0.007 0.000