0.000 0.000 9.976 0.412 0.347 0.105 0.136 0.020 0.003 0.067 0.018 0.000
0.000 1.000 10.182 0.407 0.353 0.113 0.127 0.018 0.003 0.064 0.018 0.000
0.000 2.000 11.296 0.372 0.373 0.118 0.136 0.015 0.003 0.046 0.014 0.000
0.000 3.000 11.563 0.312 0.403 0.117 0.168 0.016 0.003 0.049 0.013 0.000
0.000 4.000 11.977 0.286 0.412 0.110 0.191 0.017 0.004 0.047 0.011 0.000
1.000 0.000 9.939 0.423 0.342 0.107 0.127 0.013 0.002 0.043 0.012 0.000
1.000 1.000 10.888 0.403 0.356 0.115 0.123 0.014 0.003 0.053 0.014 0.000
1.000 2.000 11.642 0.400 0.353 0.107 0.140 0.011 0.003 0.033 0.009 0.000
1.000 3.000 12.063 0.365 0.377 0.118 0.140 0.015 0.005 0.046 0.012 0.000
1.000 4.000 12.575 0.288 0.414 0.116 0.181 0.018 0.005 0.052 0.013 0.000
2.000 0.000 10.048 0.467 0.318 0.102 0.113 0.016 0.003 0.053 0.014 0.000
2.000 1.000 10.552 0.428 0.345 0.118 0.109 0.015 0.003 0.055 0.016 0.000
2.000 2.000 11.295 0.393 0.357 0.107 0.144 0.014 0.003 0.046 0.012 0.000
2.000 3.000 11.799 0.367 0.378 0.122 0.141 0.015 0.004 0.049 0.013 0.000
2.000 4.000 12.201 0.287 0.409 0.105 0.199 0.015 0.004 0.041 0.009 0.000
3.000 0.000 9.686 0.481 0.317 0.115 0.087 0.019 0.004 0.075 0.024 0.000
3.000 1.000 10.473 0.428 0.342 0.113 0.117 0.015 0.003 0.051 0.015 0.000
3.000 2.000 10.650 0.405 0.355 0.115 0.125 0.014 0.003 0.046 0.014 0.000
3.000 3.000 11.997 0.353 0.378 0.110 0.159 0.015 0.004 0.044 0.011 0.000
3.000 4.000 12.141 0.318 0.395 0.107 0.181 0.015 0.004 0.043 0.010 0.000
4.000 0.000 9.455 0.480 0.312 0.103 0.105 0.018 0.003 0.065 0.019 0.000
4.000 1.000 9.970 0.502 0.298 0.098 0.101 0.013 0.003 0.041 0.011 0.000
4.000 2.000 10.615 0.456 0.322 0.101 0.120 0.011 0.003 0.031 0.008 0.000
4.000 3.000 11.346 0.401 0.351 0.104 0.143 0.013 0.003 0.042 0.011 0.000
4.000 4.000 11.740 0.359 0.375 0.108 0.160 0.014 0.004 0.041 0.010 0.000
5.000 0.000 8.559 0.505 0.293 0.090 0.113 0.015 0.003 0.050 0.013 0.000
5.000 1.000 9.244 0.549 0.273 0.094 0.085 0.014 0.003 0.046 0.014 0.000
5.000 2.000 9.620 0.482 0.303 0.089 0.126 0.013 0.002 0.035 0.009 0.000
5.000 3.000 10.673 0.461 0.322 0.105 0.112 0.015 0.003 0.051 0.015 0.000
5.000 4.000 11.287 0.428 0.335 0.097 0.143 0.017 0.003 0.052 0.013 0.000
6.000 0.000 7.581 0.606 0.233 0.071 0.090 0.013 0.003 0.032 0.008 0.000
6.000 1.000 8.724 0.619 0.225 0.069 0.087 0.008 0.003 0.016 0.004 0.000
6.000 2.000 9.017 0.572 0.258 0.088 0.082 0.010 0.003 0.029 0.008 0.000
6.000 3.000 10.058 0.525 0.284 0.094 0.098 0.014 0.004 0.045 0.013 0.000
6.000 4.000 10.517 0.525 0.283 0.092 0.098 0.013 0.005 0.035 0.010 0.000
7.000 0.000 6.426 0.702 0.181 0.063 0.055 0.011 0.003 0.022 0.006 0.000
7.000 1.000 7.466 0.661 0.203 0.067 0.070 0.008 0.002 0.016 0.004 0.000
7.000 2.000 8.031 0.661 0.205 0.070 0.065 0.008 0.003 0.021 0.006 0.000
7.000 3.000 8.981 0.581 0.249 0.079 0.089 0.010 0.003 0.029 0.008 0.000
7.000 4.000 9.581 0.565 0.256 0.078 0.101 0.010 0.003 0.025 0.007 0.000
8.000 0.000 5.219 0.775 0.134 0.044 0.050 0.007 0.002 0.012 0.002 0.000
8.000 1.000 6.002 0.741 0.154 0.048 0.057 0.005 0.002 0.011 0.002 0.000
8.000 2.000 6.514 0.727 0.162 0.050 0.061 0.006 0.002 0.010 0.003 0.000
8.000 3.000 7.571 0.681 0.189 0.059 0.071 0.007 0.002 0.015 0.003 0.000
8.000 4.000 8.347 0.663 0.200 0.063 0.074 0.009 0.003 0.019 0.005 0.000
9.000 0.000 4.069 0.850 0.091 0.032 0.037 0.005 0.004 0.008 0.002 0.000
9.000 1.000 4.747 0.821 0.106 0.033 0.040 0.005 0.003 0.008 0.002 0.000
9.000 2.000 5.263 0.795 0.123 0.042 0.040 0.005 0.003 0.010 0.002 0.000
9.000 3.000 6.056 0.751 0.147 0.046 0.056 0.006 0.002 0.010 0.003 0.000
9.000 4.000 6.627 0.736 0.157 0.050 0.056 0.007 0.002 0.010 0.003 0.000
10.000 0.000 3.169 0.853 0.086 0.026 0.035 0.004 0.006 0.007 0.001 0.000
10.000 1.000 3.668 0.832 0.100 0.032 0.036 0.004 0.005 0.006 0.002 0.000
10.000 2.000 4.132 0.823 0.106 0.034 0.037 0.005 0.004 0.007 0.002 0.000
10.000 3.000 4.610 0.838 0.095 0.028 0.039 0.005 0.003 0.007 0.002 0.000
10.000 4.000 4.992 0.831 0.100 0.031 0.038 0.005 0.003 0.008 0.002 0.000
